68 0 53 53 0 68 
44 0 88 88 0 44 
78 0 42 42 0 78 
76 0 41 41 0 76 
12 0 47 47 0 12 
43 0 8 8 0 43 
82 0 27 27 0 82 
80 0 94 94 0 80 
69 0 67 67 0 69 
99 0 97 97 0 99 
44 0 42 42 0 44 
33 0 59 59 0 33 
84 0 34 34 0 84 
53 0 37 37 0 53 
77 0 70 70 0 77 
80 0 95 95 0 80 
89 0 22 22 0 89 
59 0 19 19 0 59 
69 0 5 5 0 69 
51 0 5 5 0 51 
57 0 58 58 0 57 
73 0 61 61 0 73 
47 0 91 91 0 47 
99 0 92 92 0 99 
69 0 15 15 0 69 
22 0 93 93 0 22 
74 0 21 21 0 74 
26 0 58 58 0 26 
90 0 84 84 0 90 
38 0 88 88 0 38 
30 0 54 54 0 30 
79 0 67 67 0 79 
67 0 36 36 0 67 
20 0 46 46 0 20 
49 0 5 5 0 49 
46 0 87 87 0 46 
30 0 31 31 0 30 
89 0 90 90 0 89 
84 0 81 81 0 84 
75 0 22 22 0 75 
20 0 98 98 0 20 
22 0 61 61 0 22 
31 0 82 82 0 31 
68 0 70 70 0 68 
65 0 78 78 0 65 
82 0 36 36 0 82 
34 0 25 25 0 34 
15 0 24 24 0 15 
5 0 62 62 0 5 
91 0 33 33 0 91 
27 0 15 15 0 27 
20 0 42 42 0 20 
20 0 9 9 0 20 
65 0 24 24 0 65 
45 0 96 96 0 45 
17 0 12 12 0 17 
30 0 72 72 0 30 
23 0 85 85 0 23 
53 0 72 72 0 53 
46 0 72 72 0 46 
70 0 74 74 0 70 
57 0 8 8 0 57 
27 0 96 96 0 27 
44 0 3 3 0 44 
81 0 24 24 0 81 
58 0 25 25 0 58 
3 0 4 4 0 3 
63 0 46 46 0 63 
39 0 78 78 0 39 
52 0 28 28 0 52 
69 0 15 15 0 69 
96 0 35 35 0 96 
4 0 25 25 0 4 
55 0 35 35 0 55 
18 0 35 35 0 18 
39 0 83 83 0 39 
79 0 96 96 0 79 
35 0 33 33 0 35 
81 0 20 20 0 81 
6 0 17 17 0 6 
71 0 44 44 0 71 
88 0 45 45 0 88 
83 0 76 76 0 83 
50 0 87 87 0 50 
75 0 67 67 0 75 
44 0 45 45 0 44 
92 0 59 59 0 92 
3 0 9 9 0 3 
54 0 27 27 0 54 
67 0 99 99 0 67 
32 0 28 28 0 32 
28 0 11 11 0 28 
5 0 67 67 0 5 
7 0 42 42 0 7 
58 0 81 81 0 58 
93 0 21 21 0 93 
11 0 93 93 0 11 
68 0 91 91 0 68 
88 0 67 67 0 88 
61 0 75 75 0 61 
