26 0 26 26 11 15 
30 0 30 30 28 2 
92 0 92 92 16 76 
62 0 62 62 32 30 
30 0 30 30 17 13 
58 0 58 58 43 15 
18 0 18 18 7 11 
14 0 14 14 13 1 
28 0 28 28 13 15 
64 0 64 64 24 40 
62 0 62 62 28 34 
36 0 36 36 20 16 
44 0 44 44 40 4 
18 0 18 18 16 2 
44 0 44 44 39 5 
6 0 6 6 5 1 
50 0 50 50 8 42 
94 0 94 94 54 40 
8 0 8 8 7 1 
88 0 88 88 9 79 
84 0 84 84 25 59 
68 0 68 68 41 27 
20 0 20 20 5 15 
20 0 20 20 17 3 
66 0 66 66 12 54 
46 0 46 46 32 14 
38 0 38 38 14 24 
80 0 80 80 72 8 
52 0 52 52 6 46 
56 0 56 56 15 41 
44 0 44 44 29 15 
4 0 4 4 1 3 
22 0 22 22 8 14 
8 0 8 8 2 6 
18 0 18 18 3 15 
12 0 12 12 3 9 
4 0 4 4 3 1 
46 0 46 46 3 43 
76 0 76 76 57 19 
72 0 72 72 10 62 
4 0 4 4 2 2 
86 0 86 86 53 33 
14 0 14 14 12 2 
74 0 74 74 25 49 
46 0 46 46 6 40 
90 0 90 90 84 6 
68 0 68 68 6 62 
82 0 82 82 36 46 
30 0 30 30 12 18 
54 0 54 54 27 27 
34 0 34 34 27 7 
78 0 78 78 37 41 
84 0 84 84 33 51 
84 0 84 84 62 22 
70 0 70 70 26 44 
40 0 40 40 29 11 
22 0 22 22 9 13 
66 0 66 66 16 50 
82 0 82 82 19 63 
58 0 58 58 44 14 
84 0 84 84 11 73 
62 0 62 62 25 37 
64 0 64 64 23 41 
94 0 94 94 83 11 
28 0 28 28 25 3 
48 0 48 48 22 26 
68 0 68 68 50 18 
84 0 84 84 33 51 
78 0 78 78 73 5 
4 0 4 4 2 2 
52 0 52 52 29 23 
4 0 4 4 2 2 
50 0 50 50 46 4 
92 0 92 92 65 27 
56 0 56 56 13 43 
94 0 94 94 40 54 
54 0 54 54 36 18 
36 0 36 36 4 32 
96 0 96 96 36 60 
56 0 56 56 28 28 
2 0 2 2 1 1 
64 0 64 64 36 28 
96 0 96 96 27 69 
16 0 16 16 11 5 
62 0 62 62 43 19 
26 0 26 26 23 3 
58 0 58 58 46 12 
30 0 30 30 29 1 
10 0 10 10 5 5 
12 0 12 12 10 2 
22 0 22 22 20 2 
88 0 88 88 76 12 
20 0 20 20 10 10 
72 0 72 72 59 13 
54 0 54 54 32 22 
12 0 12 12 1 11 
28 0 28 28 4 24 
46 0 46 46 18 28 
6 0 6 6 2 4 
4 0 4 4 2 2 
