20 0 46 43 26 43 
5 0 12 3 7 3 
6 0 62 33 56 33 
1 0 52 26 51 26 
10 0 57 56 47 56 
29 0 54 34 25 34 
15 0 23 8 8 8 
26 0 43 20 17 20 
5 0 26 18 21 18 
9 0 51 45 42 45 
18 0 26 8 8 8 
64 0 85 46 21 46 
38 0 83 38 45 38 
9 0 36 18 27 18 
49 0 63 47 14 47 
10 0 69 51 59 51 
11 0 47 34 36 34 
8 0 77 30 69 30 
11 0 16 15 5 15 
17 0 59 23 42 23 
11 0 49 42 38 42 
28 0 62 46 34 46 
5 0 16 5 11 5 
14 0 49 30 35 30 
74 0 84 83 10 83 
46 0 93 5 47 5 
20 0 40 14 20 14 
12 0 29 7 17 7 
15 0 45 7 30 7 
39 0 51 36 12 36 
32 0 47 44 15 44 
38 0 64 4 26 4 
34 0 84 33 50 33 
11 0 29 4 18 4 
6 0 17 8 11 8 
64 0 78 55 14 55 
49 0 87 71 38 71 
18 0 37 8 19 8 
65 0 82 21 17 21 
59 0 98 73 39 73 
4 0 56 55 52 55 
20 0 29 9 9 9 
47 0 71 38 24 38 
10 0 17 3 7 3 
2 0 17 2 15 2 
37 0 73 60 36 60 
17 0 30 11 13 11 
19 0 89 68 70 68 
30 0 35 27 5 27 
33 0 62 25 29 25 
50 0 59 35 9 35 
5 0 28 14 23 14 
31 0 69 42 38 42 
51 0 81 33 30 33 
4 0 67 13 63 13 
5 0 17 2 12 2 
7 0 39 15 32 15 
37 0 74 53 37 53 
14 0 19 8 5 8 
50 0 85 42 35 42 
12 0 81 63 69 63 
33 0 63 45 30 45 
22 0 58 1 36 1 
31 0 38 32 7 32 
13 0 48 44 35 44 
8 0 29 9 21 9 
16 0 76 62 60 62 
13 0 51 21 38 21 
62 0 80 26 18 26 
26 0 31 2 5 2 
6 0 77 49 71 49 
9 0 28 15 19 15 
14 0 74 62 60 62 
65 0 75 35 10 35 
9 0 89 40 80 40 
17 0 72 42 55 42 
35 0 77 66 42 66 
47 0 91 86 44 86 
27 0 67 28 40 28 
24 0 80 5 56 5 
27 0 63 51 36 51 
18 0 29 14 11 14 
45 0 61 47 16 47 
31 0 87 10 56 10 
50 0 89 84 39 84 
26 0 62 37 36 37 
2 0 57 14 55 14 
43 0 75 6 32 6 
1 0 15 14 14 14 
58 0 75 43 17 43 
45 0 86 7 41 7 
6 0 29 14 23 14 
2 0 22 15 20 15 
39 0 90 55 51 55 
7 0 97 50 90 50 
25 0 32 17 7 17 
47 0 91 76 44 76 
21 0 40 15 19 15 
1 0 27 6 26 6 
48 0 95 47 47 47 
