68 35 71 76 36 55 
81 6 83 93 24 65 
59 15 70 78 28 46 
61 24 74 78 40 42 
68 28 71 97 38 50 
60 21 69 90 31 53 
65 7 68 80 32 47 
56 16 62 97 42 45 
61 18 76 91 53 58 
72 15 76 83 26 30 
55 44 88 94 48 51 
74 27 84 85 31 48 
57 27 62 78 29 52 
73 8 75 78 37 50 
69 23 73 94 41 56 
75 19 78 95 22 32 
67 31 74 94 36 37 
64 1 93 94 27 30 
78 44 80 82 51 75 
51 33 62 86 36 45 
51 24 72 85 40 46 
60 8 92 98 27 37 
72 6 77 92 26 30 
64 24 89 97 35 42 
68 5 87 94 36 52 
51 30 73 84 31 39 
64 15 74 88 23 51 
52 31 70 87 39 44 
67 7 77 83 41 56 
61 28 75 83 36 50 
59 4 74 90 27 36 
52 13 61 90 36 40 
72 14 76 78 47 54 
64 15 78 87 23 43 
61 49 81 99 56 58 
57 8 72 90 35 51 
60 6 78 80 22 40 
65 3 70 92 29 35 
72 4 87 91 28 32 
51 9 67 80 23 32 
77 8 85 99 35 38 
60 6 79 91 33 41 
65 21 82 91 31 38 
53 28 62 78 46 49 
53 16 70 96 24 36 
62 15 69 96 23 31 
61 25 79 99 29 31 
57 9 75 83 22 56 
89 13 90 97 23 75 
50 22 63 82 30 37 
51 2 62 81 25 35 
52 15 69 85 20 36 
58 7 87 97 21 33 
64 12 86 98 39 41 
57 2 60 87 21 36 
68 20 72 77 35 63 
57 35 65 78 41 45 
54 2 72 79 25 31 
72 13 83 91 22 30 
69 1 72 77 34 36 
54 7 68 84 31 32 
51 12 73 78 31 50 
54 13 61 97 28 46 
60 4 68 83 49 53 
50 8 62 96 36 47 
61 14 66 77 22 56 
53 32 80 84 42 43 
50 14 65 82 34 44 
53 6 70 84 26 48 
55 11 64 93 34 49 
50 26 67 87 27 40 
51 25 69 85 31 48 
56 14 92 99 20 40 
87 1 96 97 65 66 
74 17 89 98 29 69 
59 11 61 93 20 48 
56 25 73 76 31 36 
73 18 74 75 52 67 
58 18 80 99 23 33 
66 27 91 95 30 41 
54 35 77 97 45 47 
54 8 63 94 23 31 
90 31 92 93 60 62 
68 9 79 86 34 66 
55 7 69 75 22 49 
71 32 80 91 37 66 
74 8 78 82 38 44 
51 1 70 89 25 34 
61 2 66 80 46 49 
54 9 72 94 25 32 
53 15 79 83 30 35 
53 18 80 88 23 34 
63 11 82 88 30 32 
59 25 70 86 32 34 
52 30 61 91 43 45 
83 32 84 99 45 53 
69 24 88 96 34 49 
94 18 97 99 31 37 
61 5 62 91 23 43 
53 5 85 94 32 38 
