87 0 87 56 0 56 
15 0 15 8 0 8 
81 0 81 15 0 15 
5 0 5 3 0 3 
8 0 8 6 0 6 
39 0 39 31 0 31 
7 0 7 5 0 5 
97 0 97 49 0 49 
5 0 5 4 0 4 
4 0 4 2 0 2 
91 0 91 45 0 45 
67 0 67 49 0 49 
46 0 46 35 0 35 
84 0 84 76 0 76 
21 0 21 18 0 18 
59 0 59 24 0 24 
46 0 46 33 0 33 
82 0 82 78 0 78 
60 0 60 17 0 17 
73 0 73 67 0 67 
39 0 39 4 0 4 
77 0 77 1 0 1 
70 0 70 8 0 8 
84 0 84 66 0 66 
16 0 16 4 0 4 
71 0 71 63 0 63 
16 0 16 15 0 15 
83 0 83 10 0 10 
68 0 68 59 0 59 
96 0 96 58 0 58 
18 0 18 15 0 15 
64 0 64 54 0 54 
43 0 43 4 0 4 
86 0 86 64 0 64 
52 0 52 9 0 9 
19 0 19 15 0 15 
63 0 63 46 0 46 
34 0 34 26 0 26 
42 0 42 4 0 4 
84 0 84 48 0 48 
99 0 99 77 0 77 
11 0 11 7 0 7 
22 0 22 10 0 10 
29 0 29 16 0 16 
84 0 84 81 0 81 
39 0 39 33 0 33 
90 0 90 18 0 18 
59 0 59 1 0 1 
94 0 94 10 0 10 
41 0 41 16 0 16 
37 0 37 28 0 28 
72 0 72 45 0 45 
5 0 5 1 0 1 
71 0 71 53 0 53 
94 0 94 77 0 77 
23 0 23 12 0 12 
67 0 67 32 0 32 
69 0 69 61 0 61 
44 0 44 6 0 6 
35 0 35 13 0 13 
45 0 45 37 0 37 
77 0 77 63 0 63 
6 0 6 3 0 3 
8 0 8 4 0 4 
44 0 44 7 0 7 
26 0 26 18 0 18 
78 0 78 74 0 74 
74 0 74 18 0 18 
63 0 63 40 0 40 
54 0 54 9 0 9 
89 0 89 84 0 84 
66 0 66 52 0 52 
10 0 10 7 0 7 
5 0 5 3 0 3 
52 0 52 21 0 21 
24 0 24 9 0 9 
29 0 29 11 0 11 
99 0 99 18 0 18 
66 0 66 55 0 55 
53 0 53 11 0 11 
39 0 39 34 0 34 
81 0 81 27 0 27 
53 0 53 40 0 40 
57 0 57 45 0 45 
93 0 93 84 0 84 
23 0 23 5 0 5 
32 0 32 1 0 1 
8 0 8 6 0 6 
62 0 62 17 0 17 
79 0 79 43 0 43 
95 0 95 80 0 80 
17 0 17 10 0 10 
82 0 82 73 0 73 
76 0 76 1 0 1 
49 0 49 4 0 4 
76 0 76 33 0 33 
64 0 64 39 0 39 
62 0 62 53 0 53 
56 0 56 15 0 15 
19 0 19 9 0 9 
