10 3 13 13 3 10 
26 33 59 59 33 26 
2 42 44 44 42 2 
75 7 82 82 7 75 
52 19 71 71 19 52 
54 18 72 72 18 54 
56 18 74 74 18 56 
7 42 49 49 42 7 
9 16 25 25 16 9 
19 16 35 35 16 19 
65 10 75 75 10 65 
7 44 51 51 44 7 
6 2 8 8 2 6 
46 16 62 62 16 46 
78 4 82 82 4 78 
1 7 8 8 7 1 
9 39 48 48 39 9 
81 8 89 89 8 81 
1 28 29 29 28 1 
11 31 42 42 31 11 
41 10 51 51 10 41 
24 2 26 26 2 24 
11 7 18 18 7 11 
4 32 36 36 32 4 
46 26 72 72 26 46 
3 2 5 5 2 3 
8 30 38 38 30 8 
73 2 75 75 2 73 
16 6 22 22 6 16 
27 5 32 32 5 27 
17 2 19 19 2 17 
51 14 65 65 14 51 
39 4 43 43 4 39 
26 4 30 30 4 26 
29 30 59 59 30 29 
18 22 40 40 22 18 
10 3 13 13 3 10 
17 16 33 33 16 17 
1 13 14 14 13 1 
21 34 55 55 34 21 
69 2 71 71 2 69 
7 12 19 19 12 7 
6 5 11 11 5 6 
47 17 64 64 17 47 
8 28 36 36 28 8 
14 13 27 27 13 14 
17 15 32 32 15 17 
81 3 84 84 3 81 
58 2 60 60 2 58 
32 19 51 51 19 32 
3 13 16 16 13 3 
14 2 16 16 2 14 
20 22 42 42 22 20 
22 4 26 26 4 22 
21 39 60 60 39 21 
35 31 66 66 31 35 
1 3 4 4 3 1 
42 7 49 49 7 42 
1 20 21 21 20 1 
19 2 21 21 2 19 
16 32 48 48 32 16 
36 9 45 45 9 36 
58 5 63 63 5 58 
65 15 80 80 15 65 
1 19 20 20 19 1 
30 20 50 50 20 30 
38 9 47 47 9 38 
1 41 42 42 41 1 
30 31 61 61 31 30 
36 11 47 47 11 36 
49 13 62 62 13 49 
13 15 28 28 15 13 
27 8 35 35 8 27 
3 2 5 5 2 3 
40 2 42 42 2 40 
83 5 88 88 5 83 
18 20 38 38 20 18 
1 12 13 13 12 1 
6 35 41 41 35 6 
54 21 75 75 21 54 
45 24 69 69 24 45 
11 19 30 30 19 11 
55 11 66 66 11 55 
71 2 73 73 2 71 
27 17 44 44 17 27 
54 13 67 67 13 54 
3 44 47 47 44 3 
27 5 32 32 5 27 
9 3 12 12 3 9 
18 7 25 25 7 18 
20 6 26 26 6 20 
2 6 8 8 6 2 
48 3 51 51 3 48 
13 9 22 22 9 13 
20 3 23 23 3 20 
1 23 24 24 23 1 
18 15 33 33 15 18 
26 13 39 39 13 26 
51 5 56 56 5 51 
11 7 18 18 7 11 
