10 0 10 10 0 10 
72 0 72 72 0 72 
41 0 41 41 0 41 
93 0 93 93 0 93 
61 0 61 61 0 61 
100 0 100 100 0 100 
95 0 95 95 0 95 
96 0 96 96 0 96 
8 0 8 8 0 8 
3 0 3 3 0 3 
28 0 28 28 0 28 
24 0 24 24 0 24 
67 0 67 67 0 67 
55 0 55 55 0 55 
84 0 84 84 0 84 
58 0 58 58 0 58 
85 0 85 85 0 85 
18 0 18 18 0 18 
93 0 93 93 0 93 
44 0 44 44 0 44 
47 0 47 47 0 47 
40 0 40 40 0 40 
25 0 25 25 0 25 
31 0 31 31 0 31 
9 0 9 9 0 9 
36 0 36 36 0 36 
54 0 54 54 0 54 
77 0 77 77 0 77 
52 0 52 52 0 52 
60 0 60 60 0 60 
85 0 85 85 0 85 
87 0 87 87 0 87 
80 0 80 80 0 80 
1 0 1 1 0 1 
75 0 75 75 0 75 
45 0 45 45 0 45 
50 0 50 50 0 50 
27 0 27 27 0 27 
29 0 29 29 0 29 
2 0 2 2 0 2 
48 0 48 48 0 48 
19 0 19 19 0 19 
88 0 88 88 0 88 
45 0 45 45 0 45 
45 0 45 45 0 45 
47 0 47 47 0 47 
50 0 50 50 0 50 
90 0 90 90 0 90 
36 0 36 36 0 36 
79 0 79 79 0 79 
81 0 81 81 0 81 
38 0 38 38 0 38 
41 0 41 41 0 41 
79 0 79 79 0 79 
91 0 91 91 0 91 
30 0 30 30 0 30 
53 0 53 53 0 53 
47 0 47 47 0 47 
42 0 42 42 0 42 
85 0 85 85 0 85 
26 0 26 26 0 26 
71 0 71 71 0 71 
6 0 6 6 0 6 
21 0 21 21 0 21 
100 0 100 100 0 100 
6 0 6 6 0 6 
50 0 50 50 0 50 
58 0 58 58 0 58 
17 0 17 17 0 17 
69 0 69 69 0 69 
78 0 78 78 0 78 
25 0 25 25 0 25 
56 0 56 56 0 56 
46 0 46 46 0 46 
72 0 72 72 0 72 
19 0 19 19 0 19 
73 0 73 73 0 73 
32 0 32 32 0 32 
94 0 94 94 0 94 
17 0 17 17 0 17 
91 0 91 91 0 91 
100 0 100 100 0 100 
49 0 49 49 0 49 
95 0 95 95 0 95 
76 0 76 76 0 76 
28 0 28 28 0 28 
71 0 71 71 0 71 
82 0 82 82 0 82 
90 0 90 90 0 90 
94 0 94 94 0 94 
2 0 2 2 0 2 
57 0 57 57 0 57 
5 0 5 5 0 5 
38 0 38 38 0 38 
75 0 75 75 0 75 
42 0 42 42 0 42 
80 0 80 80 0 80 
37 0 37 37 0 37 
11 0 11 11 0 11 
36 0 36 36 0 36 
