57 0 46 69 11 69 
59 0 56 33 3 33 
87 0 47 72 40 72 
93 0 52 6 41 6 
76 0 56 49 20 49 
58 0 44 58 14 58 
7 0 4 95 3 95 
64 0 60 96 4 96 
10 0 6 91 4 91 
57 0 55 59 2 59 
49 0 30 58 19 58 
8 0 7 15 1 15 
11 0 8 64 3 64 
16 0 11 7 5 7 
15 0 14 94 1 94 
18 0 13 85 5 85 
34 0 31 26 3 26 
75 0 66 21 9 21 
79 0 73 88 6 88 
77 0 76 36 1 36 
49 0 41 58 8 58 
13 0 11 78 2 78 
35 0 27 2 8 2 
11 0 6 33 5 33 
31 0 24 26 7 26 
70 0 40 75 30 75 
73 0 51 35 22 35 
57 0 40 76 17 76 
24 0 23 29 1 29 
18 0 14 35 4 35 
40 0 32 37 8 37 
89 0 84 5 5 5 
88 0 48 46 40 46 
60 0 45 55 15 55 
24 0 15 96 9 96 
21 0 14 14 7 14 
54 0 29 14 25 14 
12 0 9 60 3 60 
77 0 58 52 19 52 
10 0 7 6 3 6 
88 0 60 24 28 24 
96 0 95 5 1 5 
32 0 22 66 10 66 
99 0 97 80 2 80 
83 0 64 95 19 95 
79 0 50 64 29 64 
86 0 49 53 37 53 
59 0 31 49 28 49 
25 0 24 13 1 13 
24 0 16 95 8 95 
7 0 6 99 1 99 
81 0 45 54 36 54 
69 0 41 82 28 82 
93 0 77 71 16 71 
58 0 57 31 1 31 
38 0 22 87 16 87 
12 0 10 74 2 74 
22 0 20 41 2 41 
89 0 79 64 10 64 
76 0 55 81 21 81 
8 0 7 95 1 95 
23 0 18 14 5 14 
41 0 36 6 5 6 
71 0 53 56 18 56 
74 0 49 94 25 94 
78 0 54 45 24 45 
22 0 14 22 8 22 
49 0 34 28 15 28 
47 0 36 72 11 72 
87 0 86 13 1 13 
64 0 41 47 23 47 
10 0 6 73 4 73 
59 0 35 68 24 68 
36 0 20 15 16 15 
30 0 26 25 4 25 
64 0 43 87 21 87 
53 0 52 8 1 8 
8 0 7 55 1 55 
89 0 62 57 27 57 
56 0 47 63 9 63 
24 0 14 82 10 82 
29 0 25 88 4 88 
68 0 41 96 27 96 
21 0 13 27 8 27 
22 0 13 81 9 81 
37 0 21 90 16 90 
48 0 31 62 17 62 
98 0 91 64 7 64 
32 0 27 93 5 93 
67 0 61 51 6 51 
82 0 50 75 32 75 
88 0 51 79 37 79 
69 0 42 7 27 7 
51 0 50 11 1 11 
77 0 69 20 8 20 
90 0 82 63 8 63 
10 0 8 7 2 7 
78 0 59 42 19 42 
6 0 5 32 1 32 
43 0 25 72 18 72 
